data_file = /project/CAclust/CAbiNET_paper/paper_revision/benchmarking/231110_newARI/sim_data//out/zeisel/dePROB-0_1_defacLOC-1_5_defacSCALE-1_5_filtered_Ntop_4000_matrix.txt
gt_file = /project/CAclust/CAbiNET_paper/paper_revision/benchmarking/231110_newARI/sim_data//out/zeisel/dePROB-0_1_defacLOC-1_5_defacSCALE-1_5_filtered_Ntop_4000_gt.txt
max_diff = 0.25	seed_col_sz = 30	do_rate = 0.1

Phase 1: Pattern Mining.
num_biclusters = 918
num_covered_cells = 968

Phase 2: Pattern Merging
num_patterns = 6
num_covered_cells = 968

Phase 3: Post-hoc Assignment
num_patterns = 6
num_covered_cells = 991
ARI = 1
runtime = 2.49121 sec

num_patterns = 6
Pattern 0: (#cells = 288) 0 6 7 12 14 16 17 18 21 22 23 28 30 33 35 36 47 49 53 56 59 61 62 66 68 70 72 75 80 82 86 88 90 91 92 95 98 100 101 102 104 105 107 109 111 112 115 116 123 124 130 149 150 152 161 162 165 176 181 183 190 206 209 210 219 220 222 230 233 239 240 250 251 252 254 255 259 261 262 263 265 266 272 276 283 290 294 303 311 312 313 317 320 324 330 334 338 343 346 347 349 357 364 368 374 377 378 379 380 381 382 384 391 395 401 403 409 414 419 421 422 425 430 444 445 451 454 459 460 464 465 466 473 478 479 483 491 497 502 508 511 515 520 521 523 524 528 537 544 545 547 551 554 558 562 563 566 570 575 578 580 586 593 594 595 596 601 604 607 614 629 631 634 639 643 647 650 651 656 660 663 666 671 674 676 680 685 687 688 693 697 698 701 706 707 708 710 712 714 716 724 732 733 734 735 737 740 746 752 754 756 765 768 769 773 774 775 776 779 781 783 787 790 792 795 798 803 806 811 815 817 821 825 828 831 834 844 847 848 851 853 855 857 859 866 867 868 872 877 878 879 880 896 898 900 901 903 904 905 906 913 914 916 919 920 921 923 925 927 937 938 946 949 951 955 956 958 963 965 968 973 976 977 979 980 984 986 990 
Pattern 1: (#cells = 61) 37 110 120 128 139 146 153 155 182 189 196 207 237 242 246 289 298 304 329 337 340 351 362 367 385 408 440 447 448 467 469 529 536 542 549 555 581 582 584 672 704 705 711 715 718 722 730 842 850 858 889 908 909 922 942 961 969 975 978 983 989 
Pattern 2: (#cells = 98) 15 24 27 34 38 48 57 71 117 166 168 173 184 192 193 194 201 211 224 228 231 244 247 258 269 271 274 281 286 292 306 316 356 361 365 373 398 399 402 406 407 413 427 436 446 449 480 482 485 495 499 501 503 509 514 519 527 540 546 548 553 560 565 573 574 600 605 612 616 628 630 642 655 668 677 713 727 729 745 760 764 782 789 808 816 822 849 865 899 910 917 933 934 944 954 964 971 987 
Pattern 3: (#cells = 97) 4 13 26 58 69 78 83 87 89 113 114 119 121 132 134 137 151 191 213 217 280 301 307 318 326 328 335 345 352 369 386 392 410 417 420 429 433 437 442 456 486 496 505 506 517 541 543 557 559 585 608 618 620 623 627 636 640 645 649 652 654 664 667 670 679 683 723 731 747 749 758 762 763 772 778 791 793 804 823 824 836 838 843 856 861 862 863 876 881 890 893 895 931 945 947 953 972 
Pattern 4: (#cells = 205) 1 2 3 5 8 10 39 40 42 45 51 63 67 77 97 99 108 118 129 135 136 143 144 145 147 154 157 159 163 169 170 175 180 185 187 188 195 197 198 203 208 212 214 215 229 232 234 241 245 249 253 256 260 264 267 282 285 287 291 293 295 308 325 327 344 348 350 353 354 358 363 366 376 383 387 388 389 390 393 400 404 416 426 431 434 435 438 441 443 450 452 453 462 463 472 475 476 481 484 488 490 492 493 494 498 500 507 510 512 518 522 525 530 531 532 535 538 552 556 561 564 567 572 576 583 587 589 590 591 592 597 611 615 622 624 626 633 644 653 659 662 675 692 694 695 700 702 703 726 736 739 741 742 743 748 751 753 755 757 759 766 770 777 780 784 786 797 800 802 805 826 827 829 830 832 833 837 839 840 846 870 871 875 882 883 887 888 891 915 918 924 930 932 935 941 950 957 959 962 966 967 970 974 982 985 
Pattern 5: (#cells = 242) 9 11 19 20 25 29 31 32 41 43 44 46 50 52 54 55 60 64 65 73 74 76 79 81 84 85 93 94 96 103 106 122 125 126 127 131 133 138 140 141 142 148 156 158 160 164 167 171 172 174 177 178 179 186 199 200 202 204 205 216 218 221 223 225 226 227 235 236 238 243 248 257 268 270 273 275 277 278 279 284 288 296 297 299 300 302 305 309 310 314 315 319 321 322 323 331 332 333 336 339 341 342 355 359 360 370 371 372 375 394 396 397 405 411 412 415 418 423 424 428 432 439 455 457 458 461 468 470 471 474 477 487 489 504 513 516 526 533 534 539 550 568 569 571 577 579 588 598 599 602 603 606 609 610 613 617 619 621 625 632 635 637 638 641 646 648 657 658 661 665 669 673 678 681 682 684 686 689 690 691 696 699 709 717 719 720 721 725 728 738 744 750 761 767 771 785 788 794 796 799 801 807 809 810 812 813 814 818 819 820 835 841 845 852 854 860 864 869 873 874 884 885 886 892 894 897 902 907 911 912 926 928 929 936 939 940 943 948 952 960 981 988 
